-0.00138095 -0.0263142 0.999653
-0.00259779 -0.0579628 1.85951
-0.0246771 -0.0739235 2.71851
-0.0300999 -0.0856428 3.57884
-0.0483553 -0.0911797 4.43803
-0.0634975 -0.117859 5.29802
-0.11744 -0.12151 6.15577
-0.134463 -0.115553 7.01588
-0.181921 -0.123265 7.87514
-0.208782 -0.137277 8.73374
-0.243631 -0.151734 9.59334
-0.280481 -0.157453 10.4529
-0.329311 -0.155865 11.3111
-0.379071 -0.171408 12.1654
-0.430678 -0.183949 13.0274
-0.469232 -0.180694 13.8973
-0.517647 -0.180858 14.7776
-0.582611 -0.209643 15.6666
-0.64415 -0.213833 16.5663
-0.683338 -0.225985 17.4715
-0.72698 -0.249273 18.3832
-0.769041 -0.256527 19.2973
-0.858187 -0.244938 20.2114
-0.918662 -0.261183 21.138
-0.981581 -0.26726 22.072
-1.05087 -0.266993 23.0068
-1.1378 -0.243537 23.9465
-1.17721 -0.279485 24.8918
-1.23188 -0.284472 25.8397
-1.28591 -0.291363 26.7914
-1.33464 -0.296398 27.7502
-1.39674 -0.292668 28.7181
-1.46625 -0.298516 29.6926
-1.50019 -0.274361 30.6726
-1.51243 -0.310844 31.6524
-1.55481 -0.319786 32.632
-1.62523 -0.315432 33.6153
-1.63618 -0.316018 34.6286
-1.72429 -0.320615 35.6854
-1.76949 -0.325269 36.7291
-1.84241 -0.368629 37.7721
-1.86788 -0.408177 38.8061
-1.9651 -0.417234 39.8394
-2.00206 -0.420413 40.8645
-2.07217 -0.425286 41.887
-2.13868 -0.426597 42.8973
-2.16686 -0.424328 43.9048
-2.23285 -0.43245 44.9063
-2.2457 -0.421432 45.9078
-2.32414 -0.419374 46.9024
-2.44172 -0.413057 47.8844
-2.51351 -0.426025 48.8622
-2.64013 -0.441752 49.8384
-2.70961 -0.452588 50.8194
-2.77134 -0.472394 51.7964
-2.84436 -0.460271 52.7662
-2.92209 -0.476958 53.7283
-3.00578 -0.490767 54.6905
-3.05855 -0.508083 55.6499
-3.13333 -0.503057 56.6113
-3.20723 -0.508191 57.5725
-3.30547 -0.50267 58.5217
-3.38478 -0.514443 59.4619
-3.48772 -0.50747 60.3835
-3.58789 -0.517626 61.2955
-3.6887 -0.534473 62.2036
-3.81214 -0.522036 63.0966
-3.89657 -0.543471 63.9783
-3.98375 -0.537845 64.8457
-4.08485 -0.534283 65.6978
-4.18062 -0.549063 66.5384
-4.26352 -0.540878 67.366
-4.3489 -0.545135 68.1811
-4.41835 -0.564064 68.9855
-4.51914 -0.565675 69.7761
-4.59628 -0.581101 70.5515
-4.6948 -0.590141 71.3017
-4.77232 -0.597904 72.0315
-4.87779 -0.595045 72.7397
-4.95759 -0.597281 73.4334
-5.0425 -0.595298 74.1081
-5.14229 -0.612034 74.7602
-5.22875 -0.616137 75.3881
-5.29709 -0.628408 75.9984
-5.3569 -0.631208 76.5922
-5.41734 -0.63979 77.1734
-5.50634 -0.656676 77.7388
-5.23532 -0.683773 78.2247
-5.25669 -0.688697 78.7683
-5.29889 -0.698811 79.2985
-5.33813 -0.701823 79.8096
-5.34288 -0.69979 80.3116
-5.37068 -0.710624 80.7988
-5.34896 -0.73115 81.2725
-5.30435 -0.744793 81.7304
-5.27207 -0.752331 82.1842
-5.22807 -0.751404 82.6323
-5.12674 -0.768176 83.0578
-5.05768 -0.761998 83.4909
-4.98819 -0.764616 83.9172
-4.8632 -0.755774 84.3109
-4.72279 -0.762412 84.7031
-4.58139 -0.759968 85.074
-4.37968 -0.76782 85.423
-4.16161 -0.76792 85.7546
-3.9551 -0.772431 86.0719
-3.69432 -0.767543 86.3582
-3.45481 -0.769699 86.6449
-3.16857 -0.774124 86.907
-2.87877 -0.809066 87.1558
-2.56882 -0.807451 87.3687
-2.24484 -0.803377 87.5679
-1.93474 -0.793624 87.7714
-1.5952 -0.800654 87.9424
-1.24487 -0.81092 88.0922
-0.896463 -0.816323 88.2348
-0.519062 -0.80744 88.3262
-0.154493 -0.789002 88.4504
0.212641 -0.775626 88.5679
0.582043 -0.773623 88.6884
0.962344 -0.776145 88.7901
1.36016 -0.777045 88.8615
1.76723 -0.770524 88.9203
2.18737 -0.75229 88.9757
2.61192 -0.730019 89.0373
3.05428 -0.719438 89.1213
3.5181 -0.716144 89.1866
3.99042 -0.710057 89.2412
4.4759 -0.710119 89.2892
4.97264 -0.693495 89.3242
5.48596 -0.68246 89.3656
6.01444 -0.664056 89.4098
6.5566 -0.663527 89.4766
7.11844 -0.643739 89.5239
7.70143 -0.62418 89.5572
8.30437 -0.612121 89.5759
8.92314 -0.594968 89.602
9.56167 -0.576081 89.6386
10.2148 -0.550592 89.6813
10.8866 -0.525296 89.73
11.5716 -0.497853 89.7658
12.2774 -0.46708 89.8048
12.9992 -0.421016 89.8185
13.7373 -0.383179 89.84
14.4935 -0.330766 89.8863
15.2617 -0.29397 89.9547
16.02 -0.219948 90.1563
16.8102 -0.187783 90.2426
17.6115 -0.147346 90.2877
18.4156 -0.117816 90.3261
19.2192 -0.0764112 90.4247
20.031 -0.0398492 90.4963
20.8493 -0.00547245 90.5367
21.6636 0.0359307 90.6277
22.4796 0.050615 90.6987
23.2932 0.0695309 90.7941
24.1069 0.0821015 90.8709
24.9178 0.0996273 90.9414
25.7257 0.122631 91.027
26.5371 0.137418 91.0838
27.3462 0.153685 91.1485
28.1594 0.164036 91.1753
28.9707 0.176231 91.2289
29.7741 0.182056 91.3149
30.5713 0.197776 91.4063
31.3709 0.19996 91.4662
32.1686 0.215959 91.4911
32.956 0.234765 91.5818
33.7473 0.25644 91.6191
34.534 0.266476 91.651
35.3142 0.269946 91.6394
36.0906 0.275014 91.6518
36.8602 0.288529 91.6483
37.6218 0.306073 91.6358
38.374 0.300303 91.5712
39.1195 0.316329 91.5198
39.8587 0.333591 91.4778
40.591 0.347413 91.4522
41.312 0.353741 91.3855
42.0248 0.359485 91.2975
42.7302 0.366793 91.2638
43.4167 0.371271 91.1852
44.0931 0.400457 91.1538
44.7505 0.399114 91.0971
45.3922 0.396429 91.0492
46.0143 0.39723 90.9973
46.6191 0.412942 90.9945
47.2036 0.421844 90.9699
47.7663 0.451817 91.0028
48.3098 0.462372 90.9913
48.8455 0.471672 90.9988
49.3721 0.496739 91.0302
49.8929 0.515203 91.0839
50.4154 0.514072 91.1367
50.9309 0.531199 91.2177
51.4381 0.524632 91.3018
51.9297 0.534242 91.4519
52.4159 0.559819 91.6242
52.8708 0.563355 91.8254
53.3127 0.572819 92.0574
53.741 0.567835 92.3036
54.1308 0.551083 92.5582
54.5004 0.563892 92.8644
54.8373 0.561434 93.1714
55.165 0.576538 93.5183
55.4723 0.560098 93.8817
55.7533 0.568928 94.2361
56.0144 0.577091 94.6358
56.2207 0.580852 95.067
56.4011 0.590343 95.4869
56.591 0.614225 95.9284
56.7339 0.627657 96.3888
56.8971 0.643802 96.8293
57.0366 0.649856 97.2999
57.1495 0.669731 97.7653
57.2593 0.692282 98.244
57.3866 0.726199 98.7185
57.4933 0.744153 99.2027
57.5937 0.758743 99.6997
57.6879 0.781491 100.209
57.7849 0.806502 100.725
57.8667 0.827723 101.254
57.9829 0.844783 101.787
58.0971 0.863602 102.332
58.2246 0.885165 102.881
58.3423 0.8993 103.445
58.4801 0.925464 104.026
58.5951 0.931347 104.624
58.7285 0.943763 105.233
58.8613 0.964255 105.852
58.9998 0.982001 106.484
59.1175 1.00859 107.125
59.2703 1.03523 107.769
59.4123 1.05416 108.419
59.5722 1.07063 109.079
59.7366 1.08807 109.752
59.9053 1.11711 110.444
60.0847 1.13117 111.152
60.2324 1.16879 111.875
60.4035 1.19907 112.598
60.5497 1.23229 113.332
60.7271 1.26347 114.072
60.8924 1.28795 114.827
61.0712 1.29791 115.596
61.2453 1.31459 116.375
61.4022 1.33428 117.171
61.5815 1.36092 117.981
61.7508 1.38483 118.795
61.9422 1.41278 119.613
62.1035 1.44969 120.435
62.2333 1.48683 121.268
62.3666 1.5207 122.106
62.4913 1.55202 122.953
62.6572 1.5719 123.798
62.8039 1.61374 124.646
62.9863 1.63393 125.49
63.1873 1.64319 126.347
63.4221 1.64891 127.188
63.6621 1.66113 128.026
63.8026 1.68619 128.888
63.9995 1.71555 129.74
64.1882 1.74455 130.589
64.3947 1.7639 131.41
64.5774 1.76791 132.227
64.7605 1.77126 133.046
64.9638 1.79341 133.874
65.1869 1.8091 134.715
65.3614 1.82455 135.559
65.5261 1.84879 136.375
65.6989 1.88588 137.175
65.8545 1.91627 137.984
66.0407 1.92838 138.792
66.2053 1.93535 139.609
66.4068 1.9565 140.405
66.5868 1.97528 141.203
66.7347 1.98843 142.022
66.8838 2.00268 142.81
67.0209 2.01263 143.619
67.1838 2.03546 144.422
67.3244 2.06231 145.223
67.4687 2.078 146.02
67.6208 2.09346 146.808
67.7503 2.11457 147.608
67.8957 2.12947 148.411
68.0377 2.15294 149.217
68.1544 2.17804 150.026
68.2707 2.20927 150.828
68.3984 2.23081 151.62
68.496 2.23814 152.411
68.595 2.25175 153.21
68.6882 2.27786 154.021
68.7665 2.29109 154.839
68.8215 2.29773 155.655
68.9185 2.3107 156.462
69.0038 2.32031 157.273
69.1004 2.34631 158.09
69.1494 2.35753 158.917
69.1987 2.35499 159.746
69.2426 2.37898 160.57
69.2879 2.40213 161.393
69.33 2.42249 162.215
69.3705 2.43358 163.035
69.4038 2.42967 163.853
69.4365 2.4463 164.67
69.4606 2.46128 165.505
69.4644 2.48881 166.344
69.4693 2.51038 167.18
69.5343 2.52042 168.002
69.5646 2.53205 168.816
69.5885 2.55127 169.634
69.5948 2.56975 170.462
69.57 2.61584 171.295
69.583 2.6357 172.131
69.5646 2.65675 172.972
69.5221 2.68943 173.814
69.5059 2.70478 174.65
69.4938 2.72285 175.479
69.4844 2.74137 176.311
69.4135 2.75801 177.161
69.3803 2.77001 178.021
69.3125 2.7875 178.874
69.2128 2.82738 179.713
69.1387 2.86249 180.547
69.0799 2.88488 181.384
69.0313 2.89524 182.231
68.9818 2.89845 183.088
68.9306 2.90858 183.949
68.8956 2.91776 184.813
68.8265 2.92948 185.667
68.7691 2.94258 186.515
68.7241 2.96127 187.359
68.6686 2.96278 188.207
68.6861 2.96698 189.069
68.6107 2.98651 189.93
68.5122 2.98333 190.775
68.4308 2.99022 191.611
68.3633 3.00542 192.446
68.275 3.02145 193.282
68.2038 3.0337 194.122
68.1405 3.04539 194.959
68.0775 3.06278 195.794
68.0055 3.07589 196.625
67.9472 3.08606 197.449
67.8831 3.09637 198.261
67.8144 3.09224 199.074
67.7463 3.10487 199.778
67.6818 3.1129 200.484
67.6371 3.12761 201.19
67.5838 3.14719 201.896
67.5192 3.15745 202.601
67.4376 3.1687 203.303
67.3873 3.1778 204.009
67.3444 3.17472 204.716
67.2702 3.19072 205.42
67.2192 3.19822 206.126
67.1772 3.1983 206.833
67.101 3.18599 207.535
67.0923 3.21818 208.243
67.0627 3.22153 208.949
67.0213 3.23122 209.656
66.9901 3.23687 210.368
67.0191 3.24893 211.016
66.9689 3.24965 211.662
67.0007 3.26243 212.309
66.997 3.25767 212.945
66.9666 3.25719 213.583
66.9654 3.26447 214.219
66.965 3.28131 214.865
66.9593 3.2982 215.514
66.9285 3.29954 216.171
66.9249 3.30258 216.822
66.9035 3.31108 217.472
66.9051 3.32154 218.126
66.915 3.32765 218.787
66.8752 3.32291 219.462
66.8316 3.33205 220.147
66.8096 3.33327 220.839
66.7986 3.34692 221.532
66.7954 3.35925 222.214
66.7593 3.37629 222.885
66.7278 3.39315 223.537
66.7023 3.41864 224.191
66.6853 3.43381 224.872
66.6648 3.44777 225.559
66.6373 3.45884 226.24
66.6133 3.47439 226.921
66.583 3.48517 227.595
66.555 3.49526 228.281
66.5209 3.51018 228.966
66.4757 3.51871 229.656
66.4441 3.51788 230.339
66.4088 3.52332 231.02
66.3654 3.54207 231.69
66.3293 3.54784 232.356
66.2978 3.54969 233.018
66.2633 3.55462 233.676
66.2313 3.56411 234.332
66.1791 3.57342 234.98
66.1416 3.56714 235.602
66.1237 3.57318 236.211
66.0726 3.58497 236.807
66.0515 3.58833 237.378
66.0141 3.59053 237.924
65.9791 3.58818 238.455
65.9576 3.5782 238.977
65.8998 3.58089 239.49
65.8135 3.5893 239.992
65.7133 3.59497 240.494
65.6115 3.6107 240.992
65.4906 3.60882 241.468
65.3713 3.60273 241.945
65.1822 3.59856 242.371
64.9735 3.61069 242.802
64.7598 3.62555 243.227
64.5058 3.62922 243.596
64.2321 3.62791 243.967
63.9084 3.6227 244.288
63.6511 3.61926 244.628
63.3676 3.63164 244.965
62.9873 3.67103 245.189
62.6302 3.69988 245.418
62.2829 3.74113 245.68
61.918 3.7649 245.903
61.5576 3.80443 246.096
61.1884 3.82389 246.288
60.811 3.83415 246.449
60.4489 3.86008 246.622
60.0636 3.89298 246.762
59.6479 3.88148 246.835
59.223 3.92449 246.93
58.7778 3.95472 246.993
58.318 3.99754 247.056
57.8498 4.02965 247.085
57.3678 4.05794 247.106
56.8704 4.08072 247.12
56.375 4.09803 247.042
55.8618 4.14191 247.037
55.3392 4.20523 247.034
54.8046 4.24552 246.998
54.2571 4.31258 246.998
53.6949 4.35692 246.955
53.1175 4.41452 246.962
52.5231 4.45314 246.912
51.9159 4.51062 246.825
51.2863 4.58087 246.792
50.6371 4.64726 246.729
49.9688 4.71271 246.67
49.286 4.77351 246.645
48.5963 4.83435 246.616
47.8919 4.90423 246.535
47.1555 4.97543 246.476
46.4006 5.03616 246.418
45.617 5.11527 246.389
44.8187 5.1866 246.391
44.0087 5.24683 246.391
43.177 5.3251 246.382
42.3393 5.43424 246.381
41.4736 5.49644 246.348
40.6107 5.56506 246.301
39.7442 5.63256 246.263
38.8853 5.68837 246.211
38.0268 5.76073 246.153
37.1651 5.86979 246.147
36.2911 5.94562 246.099
35.4248 6.01431 246.05
34.5566 6.06573 245.991
33.6853 6.12406 245.951
32.8115 6.17369 245.893
31.9475 6.21428 245.809
31.0805 6.2742 245.73
30.2155 6.32227 245.651
29.3289 6.37303 245.62
28.4641 6.42306 245.521
27.5876 6.49793 245.448
26.7187 6.56351 245.37
25.8562 6.63172 245.283
24.9978 6.70329 245.195
24.1357 6.7545 245.173
23.2764 6.80096 245.135
22.4287 6.84981 245.081
21.5787 6.91027 245.053
20.7401 6.94431 245.009
19.8979 6.98925 244.967
19.0733 7.05231 244.857
18.2387 7.09673 244.803
17.411 7.14252 244.756
16.5849 7.16674 244.725
15.7681 7.21818 244.671
14.9588 7.24947 244.612
14.1506 7.2934 244.571
13.3475 7.35908 244.525
12.5428 7.40583 244.439
11.7444 7.453 244.362
10.9473 7.47726 244.275
10.1571 7.54795 244.198
9.37271 7.60617 244.126
8.5936 7.65978 244.046
7.82242 7.73134 244.006
7.06411 7.79113 243.913
6.31824 7.85435 243.811
5.58025 7.91659 243.715
4.85748 7.96366 243.614
4.15361 8.02979 243.512
3.46013 8.08884 243.447
2.78051 8.14605 243.383
2.11612 8.20263 243.309
1.46427 8.27069 243.248
0.831418 8.32874 243.179
0.209175 8.38899 243.125
-0.396392 8.43995 243.059
-0.989646 8.48935 242.995
-1.5677 8.53482 242.927
-2.12857 8.57183 242.848
-2.67382 8.6232 242.877
-3.19988 8.64463 242.824
-3.71198 8.698 242.808
-4.2049 8.73957 242.775
-4.68309 8.77831 242.75
-5.14299 8.82446 242.72
-5.59174 8.86215 242.712
-6.02133 8.88385 242.71
-6.43161 8.91629 242.679
-6.82711 8.95623 242.695
-7.20044 9.00195 242.732
-7.55729 9.03709 242.719
-7.90138 9.05753 242.716
-8.22452 9.08428 242.736
-8.52465 9.10873 242.735
-8.80366 9.12889 242.734
-9.05511 9.14726 242.751
-9.28315 9.14957 242.758
-9.47347 9.18192 242.783
-9.64336 9.19208 242.771
-9.64336 9.19208 242.771
-9.64336 9.19208 242.771
-9.64336 9.19208 242.771
-9.64336 9.19208 242.771
-9.64336 9.19208 242.771
-9.64336 9.19208 242.771
-9.64336 9.19208 242.771
-9.64336 9.19208 242.771
-9.64336 9.19208 242.771
-9.64336 9.19208 242.771
-9.64336 9.19208 242.771
-9.64336 9.19208 242.771
-9.64336 9.19208 242.771
-9.64336 9.19208 242.771
-9.64336 9.19208 242.771
-9.64336 9.19208 242.771
-9.64336 9.19208 242.771
-9.64336 9.19208 242.771
-9.64336 9.19208 242.771
-9.64336 9.19208 242.771
-9.64336 9.19208 242.771
-9.64336 9.19208 242.771
-9.64336 9.19208 242.771
-9.64336 9.19208 242.771
-9.64336 9.19208 242.771
-9.64336 9.19208 242.771
-9.64336 9.19208 242.771
-9.64336 9.19208 242.771
-9.75932 9.20842 242.795
-9.89795 9.21892 242.801
-10.0544 9.23487 242.818
-10.2238 9.28217 242.789
-10.4168 9.30847 242.786
-10.6157 9.3466 242.839
-10.8368 9.36661 242.87
-11.0731 9.38234 242.917
-11.3226 9.39702 242.96
-11.57 9.41931 243.037
-11.8324 9.43894 243.08
-12.1067 9.46024 243.144
-12.3925 9.47672 243.21
-12.6566 9.49353 243.344
-12.948 9.51283 243.471
-13.2222 9.53429 243.632
-13.5115 9.54252 243.811
-13.8126 9.56961 243.983
-14.0495 9.58529 244.225
-14.3268 9.60602 244.463
-14.6035 9.63935 244.716
-14.8555 9.66714 244.959
-15.1179 9.71528 245.247
-15.3186 9.72432 245.554
-15.5587 9.75629 245.902
-15.7957 9.7982 246.274
-16.0097 9.8349 246.626
-16.1759 9.83699 247.071
-16.2783 9.85335 247.545
-16.4044 9.89849 247.991
-16.5479 9.95164 248.476
-16.6461 9.99118 248.972
-16.7453 10.0278 249.515
-16.8713 10.072 250.071
-16.9685 10.1058 250.634
-17.0753 10.1604 251.235
-17.1554 10.1895 251.838
-17.2384 10.2369 252.461
-17.2925 10.254 253.112
-17.3621 10.2915 253.774
-17.4111 10.3251 254.453
-17.4323 10.3541 255.151
-17.4811 10.3956 255.862
-17.5043 10.4297 256.589
-17.5397 10.4624 257.334
-17.5146 10.5279 258.096
-17.589 10.555 258.876
-17.6453 10.5962 259.668
-17.7002 10.6309 260.474
-17.7288 10.6924 261.294
-17.7509 10.7387 262.124
-17.8028 10.7641 262.972
-17.8477 10.803 263.835
-17.9101 10.8686 264.715
-18.0289 10.9338 265.6
-18.1065 10.992 266.501
-18.1582 11.0476 267.411
-18.1977 11.0885 268.329
-18.3105 11.1406 269.252
-18.3895 11.1784 270.193
-18.4415 11.2066 271.156
-18.4932 11.2529 272.128
-18.5573 11.3072 273.113
-18.6109 11.3689 274.115
-18.7211 11.4161 275.117
-18.8281 11.4906 276.117
-18.9001 11.5448 277.127
-18.9304 11.5907 278.147
-19.0075 11.6425 279.176
-18.9857 11.7152 280.211
-19.0811 11.7557 281.256
-19.1642 11.794 282.305
-19.2294 11.8599 283.354
-19.3281 11.9272 284.397
-19.4368 11.9786 285.443
-19.5276 12.0278 286.497
-19.5905 12.0688 287.561
-19.693 12.1121 288.622
-19.7735 12.1555 289.685
-19.8861 12.1926 290.741
-19.9546 12.2414 291.794
-19.961 12.2789 292.844
-20.0137 12.3359 293.887
-20.028 12.3531 294.927
-20.1212 12.3963 295.962
-20.2373 12.4438 296.992
-20.3326 12.4906 298.023
-20.4556 12.5537 299.048
-20.5534 12.5889 300.071
-20.6115 12.6293 301.097
-20.7021 12.6983 302.118
-20.8515 12.7719 303.136
-20.953 12.8283 304.159
-21.0483 12.8743 305.175
-21.1836 12.91 306.187
-21.2438 12.9952 307.205
-21.3313 13.0513 308.223
-21.4429 13.0892 309.24
-21.5036 13.1439 310.26
-21.563 13.1964 311.289
-21.655 13.25 312.314
-21.7669 13.3399 313.336
-21.8782 13.3935 314.365
-21.9668 13.44 315.4
-22.0745 13.5062 316.438
-22.1333 13.5845 317.483
-22.2454 13.6314 318.53
-22.3377 13.6694 319.587
-22.4128 13.7131 320.648
-22.488 13.7776 321.706
-22.5656 13.8247 322.777
-22.6781 13.8531 323.852
-22.7649 13.9034 324.932
-22.8792 13.9217 326.012
-22.9231 13.9735 327.095
-23.0027 14.0401 328.173
-23.1013 14.0626 329.247
-23.1649 14.1188 330.318
-23.236 14.1698 331.385
-23.2909 14.2178 332.453
-23.3631 14.2609 333.521
-23.4381 14.3052 334.59
-23.5573 14.365 335.655
-23.6664 14.4161 336.717
-23.7016 14.4636 337.773
-23.8037 14.5158 338.821
-23.9005 14.5653 339.868
-23.9749 14.6033 340.903
-24.0611 14.6493 341.93
-24.1476 14.693 342.945
-24.23 14.7385 343.953
-24.3869 14.8001 344.941
-24.4507 14.8423 345.932
-24.5573 14.8934 346.911
-24.6443 14.928 347.884
-24.7585 14.9707 348.84
-24.8631 15.0116 349.786
-24.973 15.0553 350.722
-25.0075 15.0913 351.651
-25.0947 15.1359 352.565
-25.2236 15.1741 353.453
-25.1459 15.184 354.334
-25.2243 15.2078 355.201
-25.3017 15.2401 356.049
-25.382 15.2714 356.88
-25.4586 15.3097 357.687
-25.5308 15.3412 358.472
-25.5624 15.4051 359.245
-25.5937 15.4533 359.988
-25.7142 15.4738 360.702
-25.7642 15.5005 361.397
-25.8192 15.5404 362.064
-25.8761 15.5593 362.707
-25.9217 15.5811 363.332
-25.9212 15.5995 363.938
-25.9077 15.6421 364.525
-25.9271 15.6669 365.088
-25.9948 15.6853 365.626
-26.0744 15.7194 366.13
-26.1181 15.735 366.619
-26.2117 15.6949 367.081
-26.292 15.712 367.535
-26.4104 15.753 367.967
-26.4685 15.7652 368.402
-26.5712 15.779 368.835
-26.6508 15.8072 369.273
-26.7526 15.8231 369.689
-26.8984 15.826 370.107
-27.0902 15.8223 370.508
-27.2411 15.8397 370.888
-27.4883 15.8978 371.242
-27.7197 15.9275 371.613
-27.9179 15.9487 371.951
-28.093 15.9703 372.349
-28.3927 16.0086 372.676
-28.6022 16.0173 373.023
-28.9085 16.0564 373.376
-29.194 16.0918 373.755
-29.5574 16.1226 373.989
-29.9428 16.1604 374.294
-30.3419 16.2049 374.51
-30.7694 16.2434 374.768
-31.2166 16.2981 375.005
-31.662 16.3337 375.173
-32.1651 16.3556 375.294
-32.6792 16.3934 375.363
-33.1781 16.4346 375.467
-33.7174 16.4745 375.539
-34.2753 16.5025 375.563
-34.838 16.5299 375.52
-35.405 16.5733 375.451
-35.9816 16.6158 375.372
-36.5796 16.6495 375.307
-37.1841 16.6949 375.22
-37.7914 16.7542 375.116
-38.4012 16.8004 375.015
-39.0095 16.8619 374.901
-39.6293 16.948 374.806
-40.2693 17.0378 374.717
-40.9297 17.1217 374.628
-41.6067 17.1998 374.558
-42.2857 17.2707 374.45
-42.9772 17.3519 374.356
-43.6792 17.4366 374.257
-44.3918 17.5137 374.141
-45.1136 17.6251 374.022
-45.8556 17.7321 373.936
-46.6182 17.8432 373.846
-47.3994 17.9315 373.744
-48.192 18.0338 373.657
-49.0072 18.1335 373.63
-49.8294 18.2557 373.571
-50.674 18.3781 373.522
-51.5369 18.5063 373.449
-52.409 18.6216 373.356
-53.2921 18.7351 373.273
-54.182 18.849 373.228
-55.068 18.9689 373.117
-55.9641 19.0771 373.037
-56.8658 19.1961 372.965
-57.7744 19.3199 372.931
-58.6843 19.4309 372.819
-59.6006 19.5446 372.748
-60.5131 19.6455 372.68
-61.4209 19.7649 372.598
-62.329 19.8619 372.489
-63.2342 19.9867 372.435
-64.1365 20.1106 372.333
-65.0356 20.2155 372.259
-65.9358 20.3344 372.174
-66.8365 20.4419 372.092
-67.7353 20.5567 371.998
-68.6139 20.6683 371.774
-69.5027 20.7943 371.656
-70.3866 20.9002 371.492
-71.2668 21.0204 371.362
-72.15 21.1528 371.268
-73.0284 21.2857 371.152
-73.9055 21.4192 371.018
-74.7898 21.5367 370.906
-75.6724 21.6648 370.806
-76.5432 21.7828 370.673
-77.4188 21.9072 370.592
-78.2946 22.0397 370.507
-79.166 22.1691 370.388
-80.0418 22.3039 370.326
-80.9096 22.4365 370.225
-81.7796 22.5661 370.138
-82.6456 22.6846 370.084
-83.5105 22.8084 370.031
-84.3752 22.919 369.977
-85.2352 23.0434 369.944
-86.0863 23.1962 369.902
-86.9443 23.3295 369.876
-87.8008 23.455 369.83
-88.6551 23.5839 369.784
-89.5087 23.7104 369.748
-90.3539 23.8549 369.74
-91.1858 24.0142 369.764
-92.0043 24.1339 369.741
-92.8025 24.2705 369.755
-93.5864 24.394 369.738
-94.3479 24.5074 369.707
-95.0875 24.6392 369.719
-95.8029 24.7753 369.753
-96.5003 24.8948 369.751
-97.178 24.9817 369.707
-97.8246 25.0535 369.614
-98.4476 25.1625 369.639
-99.0565 25.2413 369.618
-99.6439 25.3291 369.601
-100.234 25.4015 369.545
-100.825 25.4664 369.532
-101.41 25.5469 369.484
-101.991 25.6405 369.473
-102.565 25.7256 369.397
-103.137 25.8004 369.337
-103.707 25.8806 369.271
-104.278 25.9649 369.23
-104.844 26.048 369.141
-105.418 26.1342 369.064
-105.991 26.2439 368.973
-106.577 26.3251 368.896
-107.149 26.4279 368.724
-107.75 26.5244 368.667
-108.353 26.6175 368.581
-108.956 26.7231 368.468
-109.568 26.8162 368.34
-110.194 26.9185 368.247
-110.836 27.0322 368.188
-111.483 27.1418 368.056
-112.145 27.2641 367.966
-112.829 27.3834 367.854
-113.528 27.5009 367.755
-114.233 27.6052 367.635
-114.948 27.713 367.563
-115.659 27.8195 367.43
-116.398 27.9635 367.345
-117.169 28.1209 367.248
-117.966 28.2653 367.151
-118.766 28.4033 367.05
-119.564 28.5157 366.928
-120.369 28.6729 366.847
-121.194 28.8066 366.718
-122.043 28.9847 366.807
-122.918 29.166 366.717
-123.8 29.3271 366.587
-124.678 29.4715 366.434
-125.572 29.6427 366.36
-126.482 29.817 366.313
-127.413 30.0232 366.319
-128.365 30.1963 366.211
-129.321 30.4042 366.231
-130.282 30.5794 366.218
-131.245 30.7395 366.163
-132.215 30.9014 366.146
-133.192 31.0736 366.139
-134.171 31.2549 366.138
-135.15 31.4344 366.119
-136.133 31.6063 366.062
-137.112 31.8139 366.085
-138.093 32.0063 366.074
-139.066 32.1679 366.016
-140.037 32.328 365.95
-141.012 32.4929 365.909
-141.99 32.6737 365.882
-142.972 32.8132 365.834
-143.942 32.9572 365.76
-144.896 33.1435 365.719
-145.849 33.2897 365.614
-146.804 33.4445 365.537
-147.758 33.605 365.49
-148.713 33.7735 365.429
-149.669 33.9208 365.338
-150.621 34.0753 365.255
-151.576 34.2171 365.165
-152.521 34.3564 365.079
-153.456 34.5006 364.98
-154.392 34.6409 364.881
-155.328 34.802 364.782
-156.268 34.9471 364.665
-157.206 35.1055 364.572
-158.141 35.2483 364.492
-159.077 35.39 364.433
-160.001 35.5351 364.324
-160.919 35.6742 364.202
-161.837 35.8152 364.093
-162.752 35.9626 364.008
-163.653 36.0896 363.845
-164.547 36.2313 363.68
-165.454 36.3821 363.63
-166.352 36.5205 363.487
-167.253 36.6627 363.384
-168.139 36.7775 363.25
-169.017 36.9027 363.151
-169.887 37.0265 363.072
-170.742 37.1536 362.98
-171.582 37.2987 362.934
-172.414 37.4406 362.873
-173.231 37.5582 362.787
-174.02 37.6685 362.706
-174.784 37.7727 362.612
-175.532 37.8922 362.553
-176.267 37.9926 362.451
-176.995 38.0848 362.387
-177.691 38.1581 362.326
-178.359 38.2458 362.255
-178.997 38.328 362.165
-179.62 38.4195 362.096
-180.235 38.4967 362.069
-180.833 38.5864 361.978
-181.417 38.6734 361.901
-181.983 38.7486 361.781
-182.54 38.8354 361.725
-183.087 38.91 361.645
-183.619 38.9839 361.54
-184.145 39.0651 361.446
-184.663 39.1355 361.313
-185.156 39.1942 361.131
-185.667 39.2954 361.012
-186.154 39.3641 360.814
-186.625 39.4348 360.603
-187.065 39.4981 360.331
-187.5 39.5603 360.058
-187.919 39.6309 359.766
-188.334 39.7151 359.483
-188.729 39.7517 359.171
-189.103 39.8166 358.808
-189.425 39.8234 358.417
-189.727 39.8831 358.016
-190.028 39.9645 357.562
-190.271 40.0196 357.108
-190.508 40.0919 356.59
-190.691 40.1618 356.103
-190.854 40.2297 355.601
-190.978 40.2921 355.014
-191.101 40.3688 354.481
-191.191 40.4301 353.925
-191.251 40.502 353.313
-191.246 40.5568 352.725
-191.242 40.6338 352.108
-191.223 40.7165 351.492
-191.224 40.7889 350.859
-191.205 40.8682 350.217
-191.196 40.9534 349.576
-191.173 41.0393 348.921
-191.127 41.14 348.264
-191.079 41.2539 347.594
-191.017 41.3553 346.905
-190.955 41.4647 346.204
-190.866 41.5845 345.499
-190.787 41.7006 344.777
-190.709 41.8081 344.041
-190.632 41.9519 343.298
-190.547 42.0774 342.537
-190.429 42.207 341.767
-190.327 42.3332 340.977
-190.213 42.4701 340.179
-190.076 42.5967 339.372
-189.946 42.7264 338.559
-189.833 42.8582 337.731
-189.705 42.9817 336.893
-189.595 43.1206 336.037
-189.46 43.2637 335.17
-189.318 43.3911 334.29
-189.19 43.5346 333.401
-189.045 43.67 332.511
-188.911 43.8154 331.608
-188.786 43.9448 330.7
-188.656 44.0829 329.786
-188.519 44.2142 328.87
-188.406 44.3341 327.947
-188.263 44.477 327.031
-188.135 44.5912 326.117
-188.012 44.7065 325.206
-187.882 44.8412 324.287
-187.779 44.9506 323.37
